X: [1, 2, 3, 4, 7, 11, 16, 24, 36, 54, 81, 121, 181]
Y: [[0.9280910491943359, 0.8732657432556152, 0.8425157070159912, 0.8833937644958496, 0.8349437713623047], [1.4080510139465332, 1.7833943367004395, 1.746222734451294, 2.376721143722534, 1.82200026512146], [6.134363412857056, 4.279409885406494, 5.795679807662964, 5.2916364669799805, 5.086149454116821]]
Y_mean: [0.8724420070648193, 1.8272778987884521, 5.317447805404663]
Y_std: [0.03322389663325692, 0.3118213015437952, 0.636827265989321]
Y_avg_time: [0.8724420070648193, 0.9136389493942261, 0.8862413009007772]
